# Contents: spectrum of Mk 421 at a common brightness level
# Sun Feb 19 15:57:58 2017
#  Wavlength (A)   photons/cm2/s/Angstrom
      10.0000     0.017010585
      10.1000     0.017120179
      10.2000     0.017229145
      10.3000     0.017337486
      10.4000     0.017445202
      10.5000     0.017552295
      10.6000     0.017658766
      10.7000     0.017764614
      10.8000     0.017869844
      10.9000     0.017974452
      11.0000     0.018078442
      11.1000     0.018181814
      11.2000     0.018284567
      11.3000     0.018386703
      11.4000     0.018488221
      11.5000     0.018589123
      11.6000     0.018689409
      11.7000     0.018789077
      11.8000     0.018888130
      11.9000     0.018986565
      12.0000     0.019084385
      12.1000     0.019181588
      12.2000     0.019278175
      12.3000     0.019374144
      12.4000     0.019469496
      12.5000     0.019564231
      12.6000     0.019658349
      12.7000     0.019751847
      12.8000     0.019844727
      12.9000     0.019936988
      13.0000     0.020028629
      13.1000     0.020119649
      13.2000     0.020210048
      13.3000     0.020299827
      13.4000     0.020388981
      13.5000     0.020477513
      13.6000     0.020565422
      13.7000     0.020652704
      13.8000     0.020739361
      13.9000     0.020825392
      14.0000     0.020910794
      14.1000     0.020995570
      14.2000     0.021079714
      14.3000     0.021163229
      14.4000     0.021400415
      14.5000     0.021487605
      14.6000     0.021574144
      14.7000     0.021660030
      14.8000     0.021745260
      14.9000     0.021829826
      15.0000     0.021913730
      15.1000     0.021996963
      15.2000     0.022079524
      15.3000     0.022161406
      15.4000     0.022242607
      15.5000     0.022323122
      15.6000     0.022402948
      15.7000     0.022482079
      15.8000     0.022560510
      15.9000     0.022638239
      16.0000     0.022715261
      16.1000     0.022791572
      16.2000     0.022867166
      16.3000     0.022942037
      16.4000     0.023016187
      16.5000     0.023089605
      16.6000     0.023162291
      16.7000     0.023234237
      16.8000     0.023305440
      16.9000     0.023375896
      17.0000     0.023445601
      17.1000     0.023514548
      17.2000     0.023582735
      17.3000     0.023650153
      17.4000     0.023716804
      17.5000     0.023782681
      17.6000     0.024034417
      17.7000     0.024103566
      17.8000     0.024172120
      17.9000     0.024240082
      18.0000     0.024307445
      18.1000     0.024374211
      18.2000     0.024440378
      18.3000     0.024505945
      18.4000     0.024570912
      18.5000     0.024635273
      18.6000     0.024699033
      18.7000     0.024762188
      18.8000     0.024824735
      18.9000     0.024886677
      19.0000     0.024948008
      19.1000     0.025008731
      19.2000     0.025068843
      19.3000     0.025128342
      19.4000     0.025187229
      19.5000     0.025245500
      19.6000     0.025303157
      19.7000     0.025360195
      19.8000     0.025416615
      19.9000     0.025472419
      20.0000     0.025527599
      20.1000     0.025582161
      20.2000     0.025636098
      20.3000     0.025689410
      20.4000     0.025742099
      20.5000     0.025794160
      20.6000     0.025845596
      20.7000     0.025896403
      20.8000     0.025946577
      20.9000     0.025996125
      21.0000     0.026045039
      21.1000     0.026093321
      21.2000     0.026140969
      21.3000     0.026187981
      21.4000     0.026234359
      21.5000     0.026280099
      21.6000     0.026325200
      21.7000     0.026369664
      21.8000     0.026413485
      21.9000     0.026456667
      22.0000     0.026499206
      22.1000     0.026541103
      22.2000     0.026582355
      22.3000     0.026622962
      22.4000     0.026662926
      22.5000     0.026702239
      22.6000     0.026740907
      22.7000     0.026778927
      22.8000     0.026816296
      22.9000     0.026853016
      23.0000     0.026889082
      23.1000     0.026924499
      23.2000     0.026959263
      23.3000     0.026993373
      23.4000     0.028745217
      23.5000     0.028798545
      23.6000     0.028851352
      23.7000     0.028903632
      23.8000     0.028955385
      23.9000     0.029006613
      24.0000     0.029057311
      24.1000     0.029107479
      24.2000     0.029157119
      24.3000     0.029206224
      24.4000     0.029254799
      24.5000     0.029302838
      24.6000     0.029350344
      24.7000     0.029397315
      24.8000     0.029443747
      24.9000     0.029489643
      25.0000     0.029534998
      25.1000     0.029579816
      25.2000     0.029624092
      25.3000     0.029667824
      25.4000     0.029711015
      25.5000     0.029753663
      25.6000     0.029795764
      25.7000     0.029837323
      25.8000     0.029878331
      25.9000     0.029918795
      26.0000     0.029958709
      26.1000     0.029998073
      26.2000     0.030036887
      26.3000     0.030075151
      26.4000     0.030112862
      26.5000     0.030150020
      26.6000     0.030186625
      26.7000     0.030222675
      26.8000     0.030258170
      26.9000     0.030293107
      27.0000     0.030327488
      27.1000     0.030361311
      27.2000     0.030394575
      27.3000     0.030427279
      27.4000     0.030459422
      27.5000     0.030491005
      27.6000     0.030522027
      27.7000     0.030552486
      27.8000     0.030582381
      27.9000     0.030611713
      28.0000     0.030640479
      28.1000     0.030668682
      28.2000     0.030696317
      28.3000     0.030723387
      28.4000     0.030749887
      28.5000     0.030775820
      28.6000     0.030801186
      28.7000     0.030825981
      28.8000     0.030850209
      28.9000     0.030873863
      29.0000     0.030896949
      29.1000     0.030919464
      29.2000     0.030941407
      29.3000     0.030962776
      29.4000     0.030983575
      29.5000     0.031003797
      29.6000     0.031023447
      29.7000     0.031042525
      29.8000     0.031061026
      29.9000     0.031078951
      30.0000     0.031096302
      30.1000     0.031113078
      30.2000     0.031129278
      30.3000     0.031144901
      30.4000     0.031159946
      30.5000     0.031174415
      30.6000     0.031188307
      30.7000     0.031201622
      30.8000     0.031214356
      30.9000     0.031226515
      31.0000     0.031493153
      31.1000     0.031506404
      31.2000     0.031519075
      31.3000     0.031531159
      31.4000     0.031542663
      31.5000     0.031553580
      31.6000     0.031563912
      31.7000     0.031573662
      31.8000     0.031582825
      31.9000     0.031591401
      32.0000     0.031599393
      32.1000     0.031606801
      32.2000     0.031613621
      32.3000     0.031619855
      32.4000     0.031625502
      32.5000     0.031630562
      32.6000     0.031635039
      32.7000     0.031638926
      32.8000     0.031642226
      32.9000     0.031644941
      33.0000     0.031647069
      33.1000     0.031648609
      33.2000     0.031649564
      33.3000     0.031649931
      33.4000     0.031649711
      33.5000     0.031648904
      33.6000     0.031647510
      33.7000     0.031645530
      33.8000     0.031642965
      33.9000     0.031639813
      34.0000     0.031636076
      34.1000     0.031631751
      34.2000     0.031626841
      34.3000     0.031621347
      34.4000     0.031615267
      34.5000     0.031608604
      34.6000     0.031601356
      34.7000     0.031593522
      34.8000     0.031585106
      34.9000     0.031576107
      35.0000     0.031566526
      35.1000     0.031556361
      35.2000     0.031545615
      35.3000     0.031534287
      35.4000     0.031522378
      35.5000     0.031509890
      35.6000     0.031496822
      35.7000     0.031483173
      35.8000     0.031468944
      35.9000     0.031454141
      36.0000     0.031438759
      36.1000     0.031422799
      36.2000     0.031406266
      36.3000     0.031389156
      36.4000     0.031371471
      36.5000     0.031353213
      36.6000     0.031334384
      36.7000     0.031314980
      36.8000     0.031295006
      36.9000     0.031274461
      37.0000     0.031253350
      37.1000     0.031231667
      37.2000     0.031209415
      37.3000     0.031186598
      37.4000     0.031163217
      37.5000     0.031139269
      37.6000     0.031114761
      37.7000     0.031089690
      37.8000     0.031064054
      37.9000     0.031037860
      38.0000     0.031011108
      38.1000     0.030983796
      38.2000     0.030955931
      38.3000     0.030927506
      38.4000     0.030898530
      38.5000     0.030868999
      38.6000     0.030838918
      38.7000     0.030808286
      38.8000     0.030777103
      38.9000     0.030745376
      39.0000     0.030713100
      39.1000     0.030680282
      39.2000     0.030646917
      39.3000     0.030613013
      39.4000     0.030578568
      39.5000     0.030543585
      39.6000     0.030508062
      39.7000     0.030472007
      39.8000     0.030435413
      39.9000     0.030398292
      40.0000     0.030360635
      40.1000     0.030322451
      40.2000     0.030283741
      40.3000     0.030244503
      40.4000     0.030204741
      40.5000     0.030164462
      40.6000     0.030123655
      40.7000     0.030082335
      40.8000     0.030040492
      40.9000     0.029998138
      41.0000     0.029955273
      41.1000     0.029911896
      41.2000     0.029868006
      41.3000     0.029823612
      41.4000     0.029778711
      41.5000     0.029733311
      41.6000     0.029687406
      41.7000     0.029641000
      41.8000     0.029594097
      41.9000     0.029546704
      42.0000     0.029498818
      42.1000     0.029450437
      42.2000     0.029401569
      42.3000     0.029352215
      42.4000     0.029302376
      42.5000     0.029252059
      42.6000     0.029201257
      42.7000     0.029149982
      42.8000     0.029098231
      42.9000     0.029046005
      43.0000     0.028993313
      43.1000     0.028940148
      43.2000     0.028886520
      43.3000     0.028832432
      43.4000     0.028777877
      43.5000     0.028722870
      43.6000     0.028667402
      43.7000     0.034890344
      43.8000     0.034868269
      43.9000     0.034845799
      44.0000     0.034822832
      44.1000     0.034799471
      44.2000     0.034775613
      44.3000     0.034751368
      44.4000     0.034726734
      44.5000     0.034701608
      44.6000     0.034676169
      44.7000     0.034650172
      44.8000     0.034623865
      44.9000     0.034597040
      45.0000     0.034569835
      45.1000     0.034542258
      45.2000     0.034514164
      45.3000     0.034485774
      45.4000     0.034456903
      45.5000     0.034427560
      45.6000     0.034397921
      45.7000     0.034367776
      45.8000     0.034337310
      45.9000     0.034306374
      46.0000     0.034275006
      46.1000     0.034052258
      46.2000     0.034004847
      46.3000     0.033956967
      46.4000     0.033908546
      46.5000     0.033859664
      46.6000     0.033810287
      46.7000     0.033760416
      46.8000     0.033710015
      46.9000     0.033659209
      47.0000     0.033607877
      47.1000     0.033556029
      47.2000     0.033503740
      47.3000     0.033450979
      47.4000     0.033397706
      47.5000     0.033344008
      47.6000     0.033289891
      47.7000     0.033235224
      47.8000     0.033180066
      47.9000     0.033124536
      48.0000     0.033068473
      48.1000     0.033011967
      48.2000     0.032955057
      48.3000     0.032897625
      48.4000     0.032839757
      48.5000     0.032781500
      48.6000     0.032722731
      48.7000     0.032663533
      48.8000     0.032603918
      48.9000     0.032543842
      49.0000     0.032483354
      49.1000     0.032422502
      49.2000     0.032361154
      49.3000     0.032299357
      49.4000     0.032237121
      49.5000     0.032174533
      49.6000     0.032111464
      49.7000     0.032048057
      49.8000     0.031984220
      49.9000     0.031919912
      50.0000     0.031855230
      50.1000     0.031790130
      50.2000     0.031724612
      50.3000     0.031658736
      50.4000     0.031592503
      50.5000     0.031525917
      50.6000     0.031458830
      50.7000     0.031391402
      50.8000     0.031323533
      50.9000     0.031255324
      51.0000     0.031186784
      51.1000     0.031117763
      51.2000     0.031048422
      51.3000     0.030978753
      51.4000     0.030908670
      51.5000     0.030838223
      51.6000     0.030767519
      51.7000     0.030696303
      51.8000     0.030624791
      51.9000     0.030553032
      52.0000     0.030480776
      52.1000     0.030408281
      52.2000     0.030335403
      52.3000     0.030262140
      52.4000     0.030188604
      52.5000     0.030114745
      52.6000     0.030040510
      52.7000     0.029965914
      52.8000     0.029891107
      52.9000     0.029815941
      53.0000     0.029740422
      53.1000     0.029664711
      53.2000     0.029588547
      53.3000     0.029512147
      53.4000     0.029435458
      53.5000     0.029358436
      53.6000     0.029281135
      53.7000     0.029203506
      53.8000     0.029125611
      53.9000     0.029047451
      54.0000     0.028968974
      54.1000     0.028890183
      54.2000     0.028811198
      54.3000     0.028731911
      54.4000     0.028652322
      54.5000     0.028572496
      54.6000     0.028492436
      54.7000     0.028412087
      54.8000     0.028331456
      54.9000     0.028250602
      55.0000     0.028169475
      55.1000     0.028088135
      55.2000     0.028006525
      55.3000     0.027924657
      55.4000     0.027842526
      55.5000     0.027760258
      55.6000     0.027677684
      55.7000     0.027594982
      55.8000     0.027511977
      55.9000     0.027428795
      56.0000     0.027345379
      56.1000     0.027261732
      56.2000     0.027177862
      56.3000     0.027093830
      56.4000     0.027009640
      56.5000     0.026925121
      56.6000     0.026840511
      56.7000     0.026755635
      56.8000     0.026670682
      56.9000     0.026585469
      57.0000     0.026500010
      57.1000     0.026414422
      57.2000     0.026328770
      57.3000     0.026242817
      57.4000     0.026156690
      57.5000     0.026070513
      57.6000     0.025983988
      57.7000     0.025897484
      57.8000     0.025810697
      57.9000     0.025723759
      58.0000     0.025636789
      58.1000     0.025549554
      58.2000     0.025462236
      58.3000     0.025374778
      58.4000     0.025287192
      58.5000     0.025199474
      58.6000     0.025111694
      58.7000     0.025023667
      58.8000     0.024935583
      58.9000     0.024847389
      59.0000     0.024758959
      59.1000     0.024670549
      59.2000     0.024581977
      59.3000     0.024493244
      59.4000     0.024404608
      59.5000     0.024315697
      59.6000     0.024226697
      59.7000     0.024137807
      59.8000     0.024048652
      59.9000     0.023959425
      60.0000     0.023870128
      60.1000     0.023780703
      60.2000     0.023691216
      60.3000     0.023601739
      60.4000     0.023512076
      60.5000     0.023422439
      60.6000     0.023332684
      60.7000     0.023242956
      60.8000     0.023153061
      60.9000     0.023063136
      61.0000     0.022973373
      61.1000     0.022883267
      61.2000     0.022793264
      61.3000     0.022703247
      61.4000     0.022613016
      61.5000     0.022522914
      61.6000     0.022432805
      61.7000     0.022342495
      61.8000     0.022252318
      61.9000     0.022162082
      62.0000     0.022071790
      62.1000     0.021981577
      62.2000     0.021891317
      62.3000     0.021801017
      62.4000     0.021710734
      62.5000     0.021620485
      62.6000     0.021530201
      62.7000     0.021439819
      62.8000     0.021349613
      62.9000     0.021259382
      63.0000     0.021169063
      63.1000     0.021078796
      63.2000     0.020988587
      63.3000     0.020898301
      63.4000     0.020808278
      63.5000     0.020718050
      63.6000     0.020627962
      63.7000     0.020537809
      63.8000     0.020447734
      63.9000     0.020357737
      64.0000     0.020267756
      64.1000     0.020177866
      64.2000     0.020087932
      64.3000     0.019998085
      64.4000     0.019908273
      64.5000     0.019818624
      64.6000     0.019728944
      64.7000     0.019639377
      64.8000     0.019549783
      64.9000     0.019460371
      65.0000     0.019370941
      65.1000     0.019281564
      65.2000     0.019192373
      65.3000     0.019103248
      65.4000     0.019014119
      65.5000     0.018925118
      65.6000     0.018836190
      65.7000     0.018747470
      65.8000     0.018658689
      65.9000     0.018570056
      66.0000     0.018481505
      66.1000     0.018393038
      66.2000     0.018304657
      66.3000     0.018216438
      66.4000     0.018128309
      66.5000     0.018040215
      66.6000     0.017952285
      66.7000     0.017864531
      66.8000     0.017776878
      66.9000     0.017689334
      67.0000     0.017601837
      67.1000     0.017514587
      67.2000     0.017427390
      67.3000     0.017340248
      67.4000     0.017253364
      67.5000     0.017166538
      67.6000     0.017079836
      67.7000     0.016993343
      67.8000     0.016906978
      67.9000     0.016820754
      68.0000     0.016734737
      68.1000     0.016648792
      68.2000     0.016562997
      68.3000     0.016477350
      68.4000     0.016391922
      68.5000     0.016306510
      68.6000     0.016221326
      68.7000     0.016136299
      68.8000     0.016051499
      68.9000     0.015966669
      69.0000     0.015882197
      69.1000     0.015797893
      69.2000     0.015713705
      69.3000     0.015629681
      69.4000     0.015545770
      69.5000     0.015462108
      69.6000     0.015378624
      69.7000     0.015295258
      69.8000     0.015212205
      69.9000     0.015129216
      70.0000     0.015046481
      70.1000     0.014963936
      70.2000     0.014881525
      70.3000     0.014799373
      70.4000     0.014717356
      70.5000     0.014635543
      70.6000     0.014553930
      70.7000     0.014472593
      70.8000     0.014391331
      70.9000     0.014310343
      71.0000     0.014229568
      71.1000     0.014149008
      71.2000     0.014068664
      71.3000     0.013988353
      71.4000     0.013908442
      71.5000     0.013828634
      71.6000     0.013749048
      71.7000     0.013669813
      71.8000     0.013590616
      71.9000     0.013511714
      72.0000     0.013432981
      72.1000     0.013354607
      72.2000     0.013276343
      72.3000     0.013198378
      72.4000     0.013120526
      72.5000     0.013042914
      72.6000     0.012965611
      72.7000     0.012888486
      72.8000     0.012811670
      72.9000     0.012734976
      73.0000     0.012658594
      73.1000     0.012582459
      73.2000     0.012506645
      73.3000     0.012430894
      73.4000     0.012355399
      73.5000     0.012280163
      73.6000     0.012205120
      73.7000     0.012130400
      73.8000     0.012055879
      73.9000     0.011981623
      74.0000     0.011907567
      74.1000     0.011833900
      74.2000     0.011760316
      74.3000     0.011686999
      74.4000     0.011613957
      74.5000     0.011541181
      74.6000     0.011468736
      74.7000     0.011396385
      74.8000     0.011324371
      74.9000     0.011252571
      75.0000     0.011181107
      75.1000     0.011109863
      75.2000     0.011038891
      75.3000     0.010968087
      75.4000     0.010897564
      75.5000     0.010827381
      75.6000     0.010757365
      75.7000     0.010687689
      75.8000     0.010618244
      75.9000     0.010549081
      76.0000     0.010480090
      76.1000     0.010411507
      76.2000     0.010343091
      76.3000     0.010275025
      76.4000     0.010207139
      76.5000     0.010139539
      76.6000     0.010072178
      76.7000     0.010005108
      76.8000    0.0099382766
      76.9000    0.0098716827
      77.0000    0.0098054999
      77.1000    0.0097395009
      77.2000    0.0096738474
      77.3000    0.0096082743
      77.4000    0.0095431663
      77.5000    0.0094781903
      77.6000    0.0094136236
      77.7000    0.0093492491
      77.8000    0.0092851742
      77.9000    0.0092214518
      78.0000    0.0091579255
      78.1000    0.0090945924
      78.2000    0.0090316138
      78.3000    0.0089688896
      78.4000    0.0089064098
      78.5000    0.0088442375
      78.6000    0.0087823722
      78.7000    0.0087206990
      78.8000    0.0086593872
      78.9000    0.0085983283
      79.0000    0.0085375763
      79.1000    0.0084770284
      79.2000    0.0084167818
      79.3000    0.0083568466
      79.4000    0.0082971639
      79.5000    0.0082377381
      79.6000    0.0081786210
      79.7000    0.0081197072
      79.8000    0.0080612023
      79.9000    0.0080029084
      80.0000    0.0079449207
      80.1000    0.0078871903
      80.2000    0.0078296685
      80.3000    0.0077725083
      80.4000    0.0077155532
      80.5000    0.0076589599
      80.6000    0.0076025776
      80.7000    0.0075465521
      80.8000    0.0074907381
      80.9000    0.0074352336
      81.0000    0.0073799385
      81.1000    0.0073250032
      81.2000    0.0072703257
      81.3000    0.0072159124
      81.4000    0.0071618085
      81.5000    0.0071079162
      81.6000    0.0070544304
      81.7000    0.0070011043
      81.8000    0.0069480452
      81.9000    0.0068953408
      82.0000    0.0068428519
      82.1000    0.0067906691
      82.2000    0.0067387477
      82.3000    0.0066871346
      82.4000    0.0066358275
      82.5000    0.0065846927
      82.6000    0.0065338624
      82.7000    0.0064832933
      82.8000    0.0064330775
      82.9000    0.0063830325
      83.0000    0.0063333358
      83.1000    0.0062838579
      83.2000    0.0062346403
      83.3000    0.0061857705
      83.4000    0.0061371193
      83.5000    0.0060887709
      83.6000    0.0060406819
      83.7000    0.0059928517
      83.8000    0.0059452830
      83.9000    0.0058979752
      84.0000    0.0058509665
      84.1000    0.0058043006
      84.2000    0.0057578110
      84.3000    0.0057116208
      84.4000    0.0056656452
      84.5000    0.0056200144
      84.6000    0.0055745573
      84.7000    0.0055294346
      84.8000    0.0054845330
      84.9000    0.0054399676
      85.0000    0.0053955774
      85.1000    0.0053515240
      85.2000    0.0053076838
      85.3000    0.0052641392
      85.4000    0.0052208090
      85.5000    0.0051778131
      85.6000    0.0051350306
      85.7000    0.0050925002
      85.8000    0.0050502635
      85.9000    0.0050082770
      86.0000    0.0049665823
      86.1000    0.0049250613
      86.2000    0.0048838671
      86.3000    0.0048428853
      86.4000    0.0048021914
      86.5000    0.0047617464
      86.6000    0.0047215486
      86.7000    0.0046815980
      86.8000    0.0046419342
      86.9000    0.0046024432
      87.0000    0.0045632360
      87.1000    0.0045243112
      87.2000    0.0044855928
      87.3000    0.0044471926
      87.4000    0.0044090028
      87.5000    0.0043710533
      87.6000    0.0043333820
      87.7000    0.0042958824
      87.8000    0.0042586971
      87.9000    0.0042216809
      88.0000    0.0041849743
      88.1000    0.0041485420
      88.2000    0.0041123113
      88.3000    0.0040763224
      88.4000    0.0040405695
      88.5000    0.0040050542
      88.6000    0.0039697413
      88.7000    0.0039347302
      88.8000    0.0038998882
      88.9000    0.0038653773
      89.0000    0.0038311005
      89.1000    0.0037969579
      89.2000    0.0037631121
      89.3000    0.0037294647
      89.4000    0.0036960509
      89.5000    0.0036629259
      89.6000    0.0036300306
      89.7000    0.0035973312
      89.8000    0.0035648599
      89.9000    0.0035326137
      90.0000    0.0035006256
      90.1000    0.0034688297
      90.2000    0.0034372582
      90.3000    0.0034059111
      90.4000    0.0033748444
      90.5000    0.0033439098
      90.6000    0.0033132271
      90.7000    0.0032827627
      90.8000    0.0032525476
      90.9000    0.0032225210
      91.0000    0.0031927134
      91.1000    0.0031631502
      91.2000    0.0031337726
      91.3000    0.0031046395
      91.4000    0.0030756913
      91.5000    0.0030469842
      91.6000    0.0030184635
      91.7000    0.0029901522
      91.8000    0.0029621338
      91.9000    0.0029342430
      92.0000    0.0029065606
      92.1000    0.0028791136
      92.2000    0.0028518183
      92.3000    0.0028247860
      92.4000    0.0027979294
      92.5000    0.0027713303
      92.6000    0.0027448551
      92.7000    0.0027186093
      92.8000    0.0026925911
      92.9000    0.0026667989
      93.0000    0.0026411040
      93.1000    0.0026157089
      93.2000    0.0025904603
      93.3000    0.0025654111
      93.4000    0.0025405560
      93.5000    0.0025158965
      93.6000    0.0024914577
      93.7000    0.0024671839
      93.8000    0.0024430809
      93.9000    0.0024192168
      94.0000    0.0023955182
      94.1000    0.0023719865
      94.2000    0.0023486426
      94.3000    0.0023255107
      94.4000    0.0023025647
      94.5000    0.0022797594
      94.6000    0.0022572064
      94.7000    0.0022347917
      94.8000    0.0022125823
      94.9000    0.0021904898
      95.0000    0.0021686212
      95.1000    0.0021469549
      95.2000    0.0021254453
      95.3000    0.0021041370
      95.4000    0.0020829608
      95.5000    0.0020619841
      95.6000    0.0020411812
      95.7000    0.0020205112
      95.8000    0.0020000573
      95.9000    0.0019797543
      96.0000    0.0019596227
      96.1000    0.0019397031
      96.2000    0.0019198904
      96.3000    0.0019002485
      96.4000    0.0018807937
      96.5000    0.0018614856
      96.6000    0.0018423831
      96.7000    0.0018233859
      96.8000    0.0018046308
      96.9000    0.0017859429
      97.0000    0.0017674735
      97.1000    0.0017491470
      97.2000    0.0017309615
      97.3000    0.0017129521
      97.4000    0.0016951031
      97.5000    0.0016773748
      97.6000    0.0016598386
      97.7000    0.0016424212
      97.8000    0.0016251595
      97.9000    0.0016080861
      98.0000    0.0015911477
      98.1000    0.0015743269
      98.2000    0.0015576898
      98.3000    0.0015412037
      98.4000    0.0015248328
      98.5000    0.0015086253
      98.6000    0.0014925657
      98.7000    0.0014766351
      98.8000    0.0014608672
      98.9000    0.0014452251
      99.0000    0.0014297115
      99.1000    0.0014143722
      99.2000    0.0013991584
      99.3000    0.0013840690
      99.4000    0.0013691191
      99.5000    0.0013543239
      99.6000    0.0013396505
      99.7000    0.0013250829
      99.8000    0.0013107127
      99.9000    0.0012964325
