# Made up on 2/11/16 using W/B4C (improved), C/CrCo, La/B4C
lambda	R	M	Fig. Merit
# From here starts W/B4C A12112
       1.2300   0.00000004      1.00000    0.0365655
       9.2300   0.00133704      1.00000    0.0365655
      29.2300   0.00133704      1.00000    0.0365655
# here starts predicted performance of Rigaku's Cr/Sc
	31.2	0.176	1	1
	32.4	0.102	1	1
	33.8	0.091	1	1
	36.5	0.086	1	1
	39.3	0.087	1	1
	42.0	0.087	1	1
	44.7	0.085	1	1
# From here starts C/CoCr A13165
      44.7460    0.0783584      1.00000     0.279926
      45.8190    0.0784572      1.00000     0.280102
      46.9060    0.0788921      1.00000     0.280877
      47.9980    0.0801644      1.00000     0.283133
      49.0950    0.0816838      1.00000     0.285804
      50.1930    0.0831715      1.00000     0.288395
      51.2900    0.0836963      1.00000     0.289303
      52.3900    0.0841644      1.00000     0.290111
      53.4810    0.0851000      1.00000     0.291719
      54.5650    0.0854850      1.00000     0.292378
      55.6380    0.0859276      1.00000     0.293134
      56.7000    0.0861427      1.00000     0.293501
      57.7590    0.0864483      1.00000     0.294021
      58.7950    0.0862397      1.00000     0.293666
      59.8260    0.0868884      1.00000     0.294768
      60.8370    0.0862022      1.00000     0.293602
      61.8510    0.0855124      1.00000     0.292425
      62.8640    0.0867611      1.00000     0.294552
      63.8640    0.0863610      1.00000     0.293872
      64.8340    0.0866439      1.00000     0.294353
      65.7860    0.0859797      1.00000     0.293223
# From here starts La/B4C A14080
      66.5630     0.099180979      1.00000      0.31493012
      67.3860     0.093331714      1.00000      0.30550240
      68.2610     0.092613379      1.00000      0.30432446
      69.1320     0.093639569      1.00000      0.30600583
      69.9980     0.096051110      1.00000      0.30992113
      70.8650     0.098616576      1.00000      0.31403276
      71.7040      0.10072026      1.00000      0.31736455
      72.5500      0.10200300      1.00000      0.31937908
      73.3810      0.10272134      1.00000      0.32050170
75. 0.1 1. .32
80. 0.1 1. .32
85. 0.05 1., .2
100. 0.01 1. .1
150. 0.00001 1. .01
