!Nominal CCD QE for CST Grating Mission Concept, mwb 8 Feb 2012
!CCD is nominal Suzaku XIS BI (bare) CCD QE from Suzaku caldb as of this date
!Filter is 30nm Al + 10nm Al203, per IXO CAT XGS
!Energy(eV), Bare CCD_qe, Filter_Trans., CCD_qe x Filter_Trans
101 0.726627 0.292431 0.212488 
103 0.732539 0.290181 0.212569 
105 0.739609 0.288542 0.213408 
107 0.743786 0.287344 0.213722 
109 0.747902 0.286097 0.213973 
111 0.751662 0.284809 0.21408 
113 0.754761 0.283495 0.213971 
115 0.757195 0.282151 0.213643 
117 0.758575 0.280777 0.21299 
119 0.760074 0.279386 0.212354 
121 0.76198 0.277979 0.211814 
123 0.764006 0.27655 0.211286 
125 0.766138 0.277428 0.212548 
127 0.768054 0.282109 0.216675 
129 0.769648 0.287622 0.221368 
131 0.771048 0.293058 0.225962 
133 0.772792 0.29842 0.230617 
135 0.775371 0.303713 0.23549 
137 0.777999 0.308912 0.240333 
139 0.779859 0.31405 0.244915 
141 0.781343 0.31912 0.249342 
143 0.782653 0.324117 0.253671 
145 0.783711 0.329049 0.257879 
147 0.784725 0.33392 0.262035 
149 0.785885 0.338719 0.266194 
151 0.786646 0.343738 0.2704 
153 0.787739 0.349577 0.275375 
155 0.789468 0.355376 0.280558 
157 0.790561 0.361104 0.285475 
159 0.791126 0.366751 0.290146 
161 0.791499 0.372333 0.294701 
163 0.791799 0.377838 0.299172 
165 0.792297 0.383268 0.303662 
167 0.792932 0.388638 0.308163 
169 0.793669 0.393926 0.312647 
171 0.794933 0.399152 0.317299 
173 0.796573 0.404318 0.322069 
175 0.79819 0.409404 0.326782 
177 0.799615 0.414602 0.331522 
179 0.80075 0.420855 0.337 
181 0.801744 0.429069 0.344003 
183 0.802746 0.438027 0.351624 
185 0.803792 0.446907 0.35922 
187 0.804883 0.455655 0.366749 
189 0.806009 0.464266 0.374203 
191 0.807137 0.472738 0.381564 
193 0.808252 0.481076 0.388831 
195 0.809344 0.489263 0.395982 
197 0.810409 0.497324 0.403036 
199 0.811452 0.505238 0.409976 
201 0.81247 0.513034 0.416825 
203 0.813456 0.52078 0.423632 
205 0.814408 0.528394 0.430328 
207 0.815333 0.535871 0.436913 
209 0.816234 0.54321 0.443386 
211 0.817125 0.550422 0.449764 
213 0.818014 0.557503 0.456045 
215 0.818936 0.564453 0.462251 
217 0.819887 0.571283 0.468387 
219 0.820828 0.577976 0.474419 
221 0.821755 0.584554 0.48036 
223 0.822682 0.590784 0.486027 
225 0.823607 0.596816 0.491542 
227 0.824512 0.602172 0.496498 
229 0.825397 0.607442 0.501381 
231 0.826264 0.612621 0.506187 
233 0.827113 0.617703 0.51091 
235 0.827945 0.622692 0.515555 
237 0.828766 0.627606 0.520139 
239 0.829576 0.63242 0.52464 
241 0.830361 0.637142 0.529058 
243 0.831127 0.641776 0.533397 
245 0.831889 0.646315 0.537662 
247 0.832651 0.65079 0.541881 
249 0.833438 0.65519 0.54606 
251 0.83424 0.659509 0.550189 
253 0.83503 0.663753 0.554254 
255 0.835809 0.66793 0.558262 
257 0.836576 0.67204 0.562213 
259 0.837333 0.676073 0.566098 
261 0.838078 0.680037 0.569924 
263 0.838813 0.68394 0.573698 
265 0.839535 0.687881 0.5775 
267 0.840246 0.691864 0.581336 
269 0.840946 0.696104 0.585386 
271 0.841634 0.700778 0.589799 
273 0.842312 0.705367 0.594139 
275 0.84298 0.709868 0.598405 
277 0.843644 0.714277 0.602596 
279 0.844311 0.718605 0.606726 
281 0.844973 0.722855 0.610793 
283 0.845625 0.727015 0.614782 
285 0.846268 0.731105 0.618711 
287 0.847009 0.735122 0.622655 
289 0.847847 0.73905 0.626601 
291 0.84869 0.742914 0.630504 
293 0.849546 0.746703 0.634359 
295 0.850398 0.750419 0.638155 
297 0.851238 0.754062 0.641886 
299 0.852068 0.757638 0.645559 
301 0.852886 0.761147 0.649172 
303 0.853694 0.7646 0.652734 
305 0.854495 0.767976 0.656232 
307 0.855291 0.771286 0.659674 
309 0.85608 0.774554 0.66308 
311 0.856859 0.777746 0.666419 
313 0.857629 0.780879 0.669704 
315 0.858387 0.783971 0.672951 
317 0.859131 0.786993 0.67613 
319 0.859862 0.789957 0.679254 
321 0.860581 0.792877 0.682335 
323 0.861287 0.795738 0.685359 
325 0.861979 0.798556 0.688339 
327 0.862652 0.801314 0.691255 
329 0.863311 0.804028 0.694126 
331 0.863961 0.806681 0.696941 
333 0.864603 0.809292 0.699716 
335 0.865234 0.811867 0.702455 
337 0.865846 0.814382 0.705129 
339 0.866439 0.816871 0.707769 
341 0.867018 0.819307 0.710354 
343 0.867574 0.821699 0.712885 
345 0.868114 0.824039 0.71536 
347 0.868648 0.826352 0.717809 
349 0.869177 0.828621 0.720218 
351 0.869699 0.830845 0.722585 
353 0.870201 0.833044 0.724916 
355 0.870682 0.835189 0.727184 
357 0.871154 0.837316 0.729431 
359 0.87161 0.839324 0.731563 
361 0.872049 0.841211 0.733577 
363 0.872481 0.843081 0.735572 
365 0.872906 0.844896 0.737515 
367 0.873326 0.846655 0.739406 
369 0.873737 0.848388 0.741268 
371 0.87412 0.850104 0.743093 
373 0.87448 0.851782 0.744866 
375 0.874825 0.853443 0.746613 
377 0.87512 0.855068 0.748287 
379 0.875367 0.856674 0.749904 
381 0.875599 0.858254 0.751486 
383 0.875779 0.859816 0.753009 
385 0.875908 0.861341 0.754456 
387 0.876016 0.862857 0.755877 
389 0.876042 0.864346 0.757203 
391 0.875972 0.865807 0.758423 
393 0.875869 0.867241 0.759589 
395 0.875749 0.868675 0.760741 
397 0.875619 0.870063 0.761844 
399 0.875458 0.871451 0.762919 
401 0.875295 0.872813 0.763969 
403 0.875152 0.874156 0.765019 
405 0.874996 0.87548 0.766042 
407 0.874837 0.876767 0.767028 
409 0.874707 0.878054 0.76804 
411 0.874585 0.879323 0.769043 
413 0.874452 0.880565 0.770012 
415 0.874353 0.881797 0.771002 
417 0.874283 0.883002 0.771994 
419 0.874198 0.884197 0.772963 
421 0.87416 0.885364 0.77395 
423 0.874184 0.886532 0.774992 
425 0.874213 0.887662 0.776006 
427 0.874254 0.888793 0.777031 
429 0.874334 0.889905 0.778074 
431 0.874436 0.890998 0.779121 
433 0.874532 0.892082 0.780154 
435 0.874681 0.893186 0.781253 
437 0.874885 0.894291 0.782402 
439 0.875087 0.895396 0.783549 
441 0.875285 0.896472 0.784669 
443 0.87548 0.897569 0.785804 
445 0.875672 0.898646 0.786919 
447 0.875861 0.899705 0.788016 
449 0.876066 0.900755 0.789121 
451 0.876291 0.901786 0.790227 
453 0.876516 0.902807 0.791325 
455 0.876741 0.90381 0.792407 
457 0.876977 0.904794 0.793484 
459 0.877219 0.905768 0.794557 
461 0.877459 0.906724 0.795613 
463 0.877701 0.90768 0.796672 
465 0.877949 0.908607 0.797711 
467 0.878197 0.909526 0.798743 
469 0.878442 0.910444 0.799772 
471 0.878701 0.911334 0.80079 
473 0.878976 0.912214 0.801814 
475 0.879251 0.913095 0.80284 
477 0.879524 0.913947 0.803838 
479 0.879794 0.914799 0.804835 
481 0.880063 0.915632 0.805814 
483 0.88033 0.916465 0.806792 
485 0.880598 0.91728 0.807755 
487 0.88089 0.918085 0.808732 
489 0.881199 0.91888 0.809716 
491 0.881506 0.919666 0.810691 
493 0.881811 0.920433 0.811648 
495 0.882113 0.9212 0.812602 
497 0.882414 0.921967 0.813557 
499 0.882713 0.922715 0.814493 
501 0.883008 0.923463 0.815425 
503 0.883302 0.924192 0.816341 
505 0.883592 0.924931 0.817262 
507 0.883881 0.925641 0.818156 
509 0.884163 0.926361 0.819054 
511 0.884426 0.927062 0.819918 
513 0.884674 0.927763 0.820768 
515 0.88492 0.928454 0.821607 
517 0.885164 0.929136 0.822438 
519 0.885406 0.929798 0.823249 
521 0.885644 0.930461 0.824057 
523 0.885881 0.931114 0.824856 
525 0.886117 0.931757 0.825646 
527 0.886352 0.932401 0.826436 
529 0.886589 0.933025 0.82721 
531 0.886824 0.93364 0.827974 
533 0.887058 0.934255 0.828738 
535 0.887289 0.93486 0.829491 
537 0.887519 0.935446 0.830226 
539 0.887748 0.936032 0.830961 
541 0.887974 0.936608 0.831684 
543 0.879132 0.937184 0.823908 
545 0.864421 0.903201 0.780746 
547 0.864849 0.904038 0.781856 
549 0.865273 0.904865 0.782955 
551 0.865693 0.905693 0.784052 
553 0.866109 0.906502 0.78513 
555 0.866521 0.907321 0.786213 
557 0.866929 0.908121 0.787276 
559 0.867334 0.908912 0.78833 
561 0.867738 0.909704 0.789385 
563 0.868145 0.910477 0.790426 
565 0.868551 0.91124 0.791458 
567 0.868954 0.912014 0.792498 
569 0.869354 0.912759 0.793511 
571 0.869781 0.913504 0.794548 
573 0.870239 0.91425 0.795616 
575 0.870696 0.914967 0.796658 
577 0.871148 0.915685 0.797697 
579 0.871599 0.916402 0.798735 
581 0.872053 0.917111 0.799769 
583 0.872508 0.9178 0.800788 
585 0.872959 0.918481 0.801796 
587 0.873406 0.919171 0.802809 
589 0.87385 0.919833 0.803796 
591 0.874289 0.920504 0.804787 
593 0.874725 0.921157 0.805759 
595 0.875156 0.9218 0.806719 
597 0.875584 0.922443 0.807676 
599 0.876009 0.923087 0.808632 
601 0.876429 0.923702 0.809559 
603 0.876846 0.924326 0.810492 
605 0.87726 0.924942 0.811415 
607 0.87767 0.925548 0.812326 
609 0.878076 0.926154 0.813234 
611 0.878479 0.926741 0.814122 
613 0.878879 0.927329 0.81501 
615 0.879275 0.927906 0.815885 
617 0.879668 0.928484 0.816758 
619 0.880059 0.929053 0.817621 
621 0.880448 0.929612 0.818475 
623 0.880834 0.930171 0.819326 
625 0.881217 0.930721 0.820167 
627 0.881599 0.931262 0.821 
629 0.882002 0.931821 0.821868 
631 0.882423 0.932362 0.822738 
633 0.882841 0.932903 0.823605 
635 0.883255 0.933434 0.82446 
637 0.883666 0.933956 0.825305 
639 0.88408 0.934488 0.826162 
641 0.884495 0.935019 0.82702 
643 0.884908 0.935551 0.827877 
645 0.885317 0.936064 0.828713 
647 0.885722 0.936587 0.829556 
649 0.886127 0.9371 0.83039 
651 0.886533 0.937603 0.831216 
653 0.886936 0.938116 0.832049 
655 0.887336 0.93862 0.832871 
657 0.887731 0.939114 0.833681 
659 0.888124 0.939609 0.834489 
661 0.888513 0.940093 0.835285 
663 0.888899 0.940578 0.836079 
665 0.889282 0.941044 0.836853 
667 0.889661 0.941519 0.837633 
669 0.890034 0.941985 0.838399 
671 0.890395 0.942422 0.839128 
673 0.890747 0.942849 0.83984 
675 0.891096 0.943276 0.840549 
677 0.891442 0.943694 0.841248 
679 0.891786 0.944112 0.841946 
681 0.89212 0.94451 0.842616 
683 0.892446 0.944899 0.843271 
685 0.892768 0.945278 0.843914 
687 0.893087 0.945657 0.844554 
689 0.893404 0.946027 0.845184 
691 0.893719 0.946396 0.845812 
693 0.89403 0.946756 0.846428 
695 0.894338 0.947117 0.847043 
697 0.894644 0.947477 0.847655 
699 0.894947 0.947827 0.848255 
701 0.895248 0.948178 0.848854 
703 0.895554 0.948519 0.84945 
705 0.895868 0.948879 0.85007 
707 0.89618 0.949239 0.850689 
709 0.89649 0.94959 0.851298 
711 0.896797 0.949941 0.851904 
713 0.897103 0.950292 0.85251 
715 0.897413 0.950633 0.85311 
717 0.897725 0.950984 0.853722 
719 0.898035 0.951335 0.854332 
721 0.898343 0.951677 0.854932 
723 0.898648 0.952018 0.855529 
725 0.898956 0.95235 0.856121 
727 0.899273 0.952692 0.85673 
729 0.899595 0.953014 0.857327 
731 0.899915 0.953346 0.85793 
733 0.900232 0.953668 0.858522 
735 0.900547 0.95399 0.859113 
737 0.900859 0.954313 0.859701 
739 0.90117 0.954625 0.860279 
741 0.901478 0.954938 0.860856 
743 0.901784 0.955241 0.861421 
745 0.902087 0.955554 0.861993 
747 0.902388 0.955857 0.862554 
749 0.902686 0.95616 0.863112 
751 0.902978 0.956463 0.863665 
753 0.903268 0.956747 0.864199 
755 0.903556 0.95704 0.864739 
757 0.903841 0.957334 0.865278 
759 0.904124 0.957627 0.865814 
761 0.904404 0.957911 0.866339 
763 0.904679 0.958195 0.866859 
765 0.904951 0.958469 0.867367 
767 0.905221 0.958743 0.867874 
769 0.905489 0.959017 0.868379 
771 0.905755 0.959292 0.868883 
773 0.90602 0.959566 0.869386 
775 0.906284 0.95983 0.869879 
777 0.906547 0.960105 0.87038 
779 0.906808 0.960369 0.87087 
781 0.907067 0.960634 0.871359 
783 0.907324 0.960889 0.871838 
785 0.90758 0.961154 0.872324 
787 0.90784 0.961418 0.872814 
789 0.908103 0.961663 0.873289 
791 0.908364 0.961928 0.873781 
793 0.908623 0.962173 0.874252 
795 0.908881 0.962429 0.874733 
797 0.909136 0.962674 0.875202 
799 0.909393 0.962919 0.875672 
801 0.909652 0.963164 0.876144 
803 0.909911 0.96341 0.876617 
805 0.910168 0.963645 0.877079 
807 0.910423 0.963881 0.877539 
809 0.910676 0.964117 0.877998 
811 0.910927 0.964352 0.878454 
813 0.911177 0.964578 0.878901 
815 0.911424 0.964804 0.879345 
817 0.911669 0.96503 0.879788 
819 0.911913 0.965256 0.880229 
821 0.912155 0.965482 0.880669 
823 0.912395 0.965708 0.881107 
825 0.912628 0.965924 0.881529 
827 0.912854 0.966141 0.881946 
829 0.913076 0.966357 0.882357 
831 0.913297 0.966573 0.882768 
833 0.913516 0.96678 0.883169 
835 0.913733 0.966996 0.883576 
837 0.913949 0.967202 0.883973 
839 0.914163 0.967409 0.884369 
841 0.914375 0.967616 0.884764 
843 0.914586 0.967803 0.885139 
845 0.914796 0.968009 0.885531 
847 0.915004 0.968206 0.885912 
849 0.91521 0.968403 0.886292 
851 0.915415 0.968599 0.88667 
853 0.915619 0.968787 0.88704 
855 0.91582 0.968983 0.887414 
857 0.916021 0.96917 0.88778 
859 0.91622 0.969348 0.888136 
861 0.916417 0.969535 0.888498 
863 0.916614 0.969722 0.888861 
865 0.916811 0.969899 0.889214 
867 0.917015 0.970086 0.889583 
869 0.917222 0.970263 0.889947 
871 0.917428 0.970441 0.89031 
873 0.917632 0.970608 0.890661 
875 0.917835 0.970786 0.891021 
877 0.918037 0.970963 0.89138 
879 0.918237 0.971131 0.891728 
881 0.918437 0.971298 0.892076 
883 0.918637 0.971475 0.892433 
885 0.918835 0.971633 0.89277 
887 0.919032 0.971801 0.893116 
889 0.919227 0.971959 0.893451 
891 0.919421 0.972126 0.893793 
893 0.919614 0.972284 0.894126 
895 0.919805 0.972452 0.894466 
897 0.919995 0.972609 0.894795 
899 0.920184 0.972767 0.895125 
901 0.920372 0.972925 0.895453 
903 0.920558 0.973073 0.89577 
905 0.920743 0.973231 0.896096 
907 0.920927 0.973379 0.896411 
909 0.921107 0.973537 0.896732 
911 0.921284 0.973685 0.89704 
913 0.921459 0.973843 0.897356 
915 0.921633 0.973981 0.897653 
917 0.921806 0.974129 0.897958 
919 0.921978 0.974277 0.898262 
921 0.922149 0.974415 0.898556 
923 0.922319 0.974563 0.898858 
925 0.922489 0.974701 0.899151 
927 0.922657 0.974849 0.899451 
929 0.922825 0.974998 0.899752 
931 0.922991 0.975136 0.900042 
933 0.923156 0.975284 0.900339 
935 0.92332 0.975422 0.900627 
937 0.923484 0.975551 0.900906 
939 0.923647 0.975699 0.901201 
941 0.92381 0.975837 0.901488 
943 0.923971 0.975965 0.901763 
945 0.924132 0.976114 0.902058 
947 0.924291 0.976242 0.902332 
949 0.92445 0.97638 0.902614 
951 0.924607 0.976509 0.902887 
953 0.924764 0.976637 0.903159 
955 0.924921 0.976766 0.903431 
957 0.925077 0.976904 0.903711 
959 0.925232 0.977033 0.903982 
961 0.925386 0.977151 0.904242 
963 0.925539 0.97728 0.904511 
965 0.925692 0.977408 0.904779 
967 0.925843 0.977537 0.905046 
969 0.925993 0.977656 0.905303 
971 0.926142 0.977784 0.905567 
973 0.926291 0.977893 0.905813 
975 0.926438 0.978022 0.906077 
977 0.926584 0.97814 0.906329 
979 0.92673 0.978269 0.906591 
981 0.926875 0.978378 0.906834 
983 0.927018 0.978496 0.907083 
985 0.927161 0.978605 0.907324 
987 0.927304 0.978734 0.907584 
989 0.927445 0.978843 0.907823 
991 0.927586 0.978961 0.908071 
993 0.927725 0.97907 0.908308 
995 0.927864 0.979189 0.908554 
997 0.928002 0.979298 0.90879 
999 0.928139 0.979407 0.909026 
1001 0.928276 0.979515 0.90926 
1003 0.928412 0.979614 0.909485 
1005 0.928547 0.979733 0.909728 
1007 0.928681 0.979842 0.909961 
1009 0.928814 0.979951 0.910192 
1011 0.928947 0.98005 0.910415 
1013 0.929079 0.980159 0.910645 
1015 0.92921 0.980268 0.910875 
1017 0.929342 0.980367 0.911096 
1019 0.929474 0.980456 0.911308 
1021 0.929606 0.980565 0.911539 
1023 0.929737 0.980664 0.91176 
1025 0.929868 0.980753 0.911971 
1027 0.929997 0.980862 0.912199 
1029 0.930126 0.980951 0.912408 
1031 0.930254 0.98105 0.912626 
1033 0.930381 0.981149 0.912842 
1035 0.930508 0.981238 0.91305 
1037 0.930635 0.981347 0.913276 
1039 0.930761 0.981436 0.913482 
1041 0.930885 0.981536 0.913697 
1043 0.93101 0.981625 0.913903 
1045 0.931133 0.981714 0.914106 
1047 0.931256 0.981813 0.914319 
1049 0.931378 0.981902 0.914522 
1051 0.9315 0.982001 0.914734 
1053 0.931621 0.98209 0.914936 
1055 0.931742 0.98217 0.915129 
1057 0.931861 0.982269 0.915338 
1059 0.931981 0.982358 0.915539 
1061 0.932099 0.982447 0.915738 
1063 0.932217 0.982536 0.915937 
1065 0.932334 0.982626 0.916136 
1067 0.93245 0.982715 0.916333 
1069 0.932566 0.982804 0.91653 
1071 0.932681 0.982883 0.916716 
1073 0.932795 0.982973 0.916912 
1075 0.932909 0.983052 0.917098 
1077 0.933021 0.983141 0.917291 
1079 0.933134 0.983221 0.917477 
1081 0.933245 0.98331 0.917669 
1083 0.933356 0.983389 0.917852 
1085 0.933467 0.983478 0.918044 
1087 0.933576 0.983558 0.918226 
1089 0.933685 0.983637 0.918407 
1091 0.933793 0.983716 0.918587 
1093 0.933901 0.983796 0.918768 
1095 0.934008 0.983875 0.918947 
1097 0.934115 0.983964 0.919136 
1099 0.93422 0.984034 0.919304 
1101 0.934326 0.984113 0.919482 
1103 0.93443 0.984193 0.919659 
1105 0.934534 0.984262 0.919826 
1107 0.934637 0.984342 0.920002 
1109 0.93474 0.984421 0.920178 
1111 0.934842 0.98449 0.920343 
1113 0.934944 0.98457 0.920518 
1115 0.935045 0.984639 0.920682 
1117 0.935145 0.984719 0.920855 
1119 0.935245 0.984788 0.921018 
1121 0.935344 0.984867 0.921189 
1123 0.935443 0.984937 0.921352 
1125 0.935541 0.985016 0.921523 
1127 0.935638 0.985086 0.921684 
1129 0.935735 0.985155 0.921844 
1131 0.935832 0.985225 0.922005 
1133 0.935928 0.985294 0.922164 
1135 0.936023 0.985364 0.922323 
1137 0.936118 0.985443 0.922491 
1139 0.936212 0.985503 0.92264 
1141 0.936306 0.985572 0.922797 
1143 0.936399 0.985642 0.922954 
1145 0.936492 0.985711 0.92311 
1147 0.936584 0.985781 0.923267 
1149 0.936675 0.98584 0.923412 
1151 0.936766 0.98591 0.923567 
1153 0.936857 0.985969 0.923712 
1155 0.936947 0.986039 0.923866 
1157 0.937037 0.986098 0.92401 
1159 0.937126 0.986168 0.924164 
1161 0.937214 0.986227 0.924306 
1163 0.937302 0.986297 0.924458 
1165 0.93739 0.986357 0.924601 
1167 0.937477 0.986416 0.924742 
1169 0.937563 0.986486 0.924893 
1171 0.937649 0.986545 0.925033 
1173 0.937735 0.986605 0.925174 
1175 0.93782 0.986674 0.925323 
1177 0.937905 0.986734 0.925463 
1179 0.937989 0.986794 0.925602 
1181 0.938072 0.986853 0.925739 
1183 0.938155 0.986923 0.925887 
1185 0.938238 0.986972 0.926015 
1187 0.93832 0.987032 0.926152 
1189 0.938402 0.987092 0.926289 
1191 0.938483 0.987151 0.926424 
1193 0.938564 0.987201 0.926551 
1195 0.938645 0.987271 0.926697 
1197 0.938724 0.98733 0.92683 
1199 0.938804 0.98739 0.926966 
1201 0.938883 0.987439 0.92709 
1203 0.938961 0.987499 0.927223 
1205 0.939039 0.987549 0.927347 
1207 0.939117 0.987608 0.92748 
1209 0.939194 0.987668 0.927612 
1211 0.939271 0.987718 0.927735 
1213 0.939347 0.987777 0.927865 
1215 0.939422 0.987817 0.927977 
1217 0.939498 0.987877 0.928109 
1219 0.939573 0.987926 0.928229 
1221 0.939647 0.987986 0.928358 
1223 0.939721 0.988036 0.928478 
1225 0.939794 0.988095 0.928606 
1227 0.939867 0.988145 0.928725 
1229 0.93994 0.988195 0.928844 
1231 0.940012 0.988245 0.928962 
1233 0.940084 0.988304 0.929089 
1235 0.940155 0.988354 0.929206 
1237 0.940226 0.988394 0.929314 
1239 0.940297 0.988453 0.929439 
1241 0.940367 0.988503 0.929556 
1243 0.940436 0.988553 0.929671 
1245 0.940505 0.988602 0.929785 
1247 0.940574 0.988652 0.9299 
1249 0.940642 0.988692 0.930005 
1251 0.94071 0.988752 0.930129 
1253 0.940777 0.988801 0.930241 
1255 0.940844 0.988841 0.930345 
1257 0.940911 0.988891 0.930458 
1259 0.940977 0.988941 0.930571 
1261 0.941042 0.98899 0.930681 
1263 0.941108 0.98903 0.930784 
1265 0.941172 0.98908 0.930894 
1267 0.941236 0.98912 0.930995 
1269 0.9413 0.989179 0.931114 
1271 0.941364 0.989219 0.931215 
1273 0.941427 0.989269 0.931325 
1275 0.941489 0.989309 0.931424 
1277 0.941551 0.989358 0.931531 
1279 0.941613 0.989398 0.93163 
1281 0.941674 0.989448 0.931737 
1283 0.941734 0.989488 0.931835 
1285 0.941795 0.989527 0.931932 
1287 0.941854 0.989577 0.932037 
1289 0.941914 0.989617 0.932134 
1291 0.941973 0.989657 0.93223 
1293 0.942031 0.989706 0.932334 
1295 0.942089 0.989746 0.932429 
1297 0.942146 0.989786 0.932523 
1299 0.942204 0.989836 0.932627 
1301 0.94226 0.989876 0.932721 
1303 0.942316 0.989915 0.932813 
1305 0.942371 0.989955 0.932905 
1307 0.942427 0.990005 0.933007 
1309 0.942481 0.990045 0.933099 
1311 0.942535 0.990075 0.93318 
1313 0.942589 0.990114 0.933271 
1315 0.942642 0.990164 0.93337 
1317 0.942695 0.990204 0.93346 
1319 0.942747 0.990244 0.93355 
1321 0.942798 0.990284 0.933638 
1323 0.94285 0.990323 0.933726 
1325 0.9429 0.990353 0.933804 
1327 0.94295 0.990393 0.933891 
1329 0.943 0.990443 0.933988 
1331 0.943049 0.990483 0.934074 
1333 0.943098 0.990522 0.934159 
1335 0.943146 0.990552 0.934235 
1337 0.943194 0.990592 0.93432 
1339 0.943241 0.990632 0.934405 
1341 0.943287 0.990672 0.934488 
1343 0.943333 0.990702 0.934562 
1345 0.943379 0.990741 0.934644 
1347 0.943424 0.990781 0.934727 
1349 0.943468 0.990811 0.934798 
1351 0.943512 0.990851 0.93488 
1353 0.943555 0.990891 0.93496 
1355 0.943598 0.990921 0.935031 
1357 0.94364 0.99096 0.935109 
1359 0.943682 0.991 0.935189 
1361 0.943723 0.99103 0.935258 
1363 0.943763 0.99107 0.935335 
1365 0.943803 0.99111 0.935413 
1367 0.943842 0.99113 0.93547 
1369 0.943881 0.991169 0.935546 
1371 0.943919 0.991199 0.935612 
1373 0.943957 0.991239 0.935687 
1375 0.943994 0.991279 0.935761 
1377 0.94403 0.991309 0.935825 
1379 0.944066 0.991349 0.935899 
1381 0.944101 0.991369 0.935952 
1383 0.944135 0.991408 0.936023 
1385 0.944169 0.991438 0.936085 
1387 0.944202 0.991478 0.936156 
1389 0.944235 0.991508 0.936217 
1391 0.944267 0.991538 0.936277 
1393 0.944298 0.991568 0.936336 
1395 0.944329 0.991608 0.936404 
1397 0.944359 0.991637 0.936461 
1399 0.944388 0.991667 0.936518 
1401 0.944417 0.991697 0.936576 
1403 0.944444 0.991737 0.93664 
1405 0.944472 0.991767 0.936696 
1407 0.944498 0.991797 0.93675 
1409 0.944524 0.991827 0.936804 
1411 0.944549 0.991866 0.936866 
1413 0.944573 0.991886 0.936909 
1415 0.944597 0.991926 0.93697 
1417 0.94462 0.991956 0.937021 
1419 0.944642 0.991976 0.937062 
1421 0.944664 0.992016 0.937122 
1423 0.944684 0.992046 0.93717 
1425 0.944704 0.992076 0.937218 
1427 0.944724 0.992106 0.937266 
1429 0.944742 0.992135 0.937312 
1431 0.94476 0.992165 0.937358 
1433 0.944776 0.992195 0.937402 
1435 0.944793 0.992215 0.937438 
1437 0.944808 0.992255 0.93749 
1439 0.944822 0.992275 0.937523 
1441 0.944836 0.992305 0.937566 
1443 0.944849 0.992345 0.937616 
1445 0.944861 0.992365 0.937647 
1447 0.944872 0.992394 0.937685 
1449 0.944883 0.992424 0.937725 
1451 0.944893 0.992454 0.937763 
1453 0.944902 0.992474 0.937791 
1455 0.94491 0.992514 0.937836 
1457 0.944917 0.992534 0.937862 
1459 0.944923 0.992564 0.937897 
1461 0.944929 0.992584 0.937921 
1463 0.944933 0.992624 0.937963 
1465 0.944937 0.992643 0.937985 
1467 0.94494 0.992673 0.938016 
1469 0.944942 0.992693 0.938037 
1471 0.944943 0.992733 0.938076 
1473 0.944943 0.992753 0.938095 
1475 0.944943 0.992773 0.938114 
1477 0.944941 0.992803 0.93814 
1479 0.944939 0.992833 0.938167 
1481 0.944935 0.992863 0.938191 
1483 0.944931 0.992883 0.938206 
1485 0.944926 0.992913 0.938229 
1487 0.944919 0.992942 0.93825 
1489 0.944912 0.992962 0.938262 
1491 0.944903 0.992992 0.938281 
1493 0.944894 0.993012 0.938291 
1495 0.944885 0.993042 0.938311 
1497 0.944875 0.993072 0.938329 
1499 0.944863 0.993092 0.938336 
1501 0.944849 0.993122 0.93835 
1503 0.944835 0.993142 0.938355 
1505 0.944819 0.993162 0.938358 
1507 0.944802 0.993201 0.938378 
1509 0.944784 0.993221 0.938379 
1511 0.944765 0.993251 0.938389 
1513 0.944744 0.993271 0.938387 
1515 0.944723 0.993291 0.938385 
1517 0.9447 0.993331 0.9384 
1519 0.944676 0.993351 0.938395 
1521 0.944651 0.993371 0.938389 
1523 0.944625 0.993401 0.938391 
1525 0.944597 0.993421 0.938383 
1527 0.944569 0.993451 0.938383 
1529 0.944539 0.993471 0.938372 
1531 0.944507 0.993501 0.938369 
1533 0.944475 0.99352 0.938355 
1535 0.944441 0.99354 0.93834 
1537 0.944406 0.99357 0.938333 
1539 0.944369 0.99359 0.938316 
1541 0.944332 0.99361 0.938298 
1543 0.944292 0.99364 0.938286 
1545 0.944252 0.99367 0.938275 
1547 0.94421 0.99369 0.938252 
1549 0.944167 0.99371 0.938228 
1551 0.944122 0.99373 0.938202 
1553 0.944076 0.99375 0.938175 
1555 0.944029 0.99378 0.938157 
1557 0.94398 0.9938 0.938127 
1559 0.94393 0.99382 0.938097 
1561 0.943878 0.955993 0.902341 
1563 0.943825 0.956131 0.90242 
1565 0.943771 0.956249 0.90248 
1567 0.943715 0.956387 0.902557 
1569 0.943658 0.956514 0.902622 
1571 0.943599 0.956632 0.902677 
1573 0.943539 0.95677 0.90275 
1575 0.943477 0.956898 0.902811 
1577 0.943414 0.957026 0.902872 
1579 0.94335 0.957154 0.902931 
1581 0.943284 0.957281 0.902988 
1583 0.943216 0.957409 0.903044 
1585 0.943147 0.957527 0.903089 
1587 0.943076 0.957655 0.903141 
1589 0.943004 0.957783 0.903193 
1591 0.94293 0.957901 0.903234 
1593 0.942855 0.958029 0.903282 
1595 0.942778 0.958147 0.90332 
1597 0.9427 0.958275 0.903366 
1599 0.94262 0.958393 0.9034 
1601 0.942538 0.958521 0.903443 
1603 0.942455 0.958639 0.903474 
1605 0.94237 0.958757 0.903504 
1607 0.942284 0.958875 0.903533 
1609 0.942196 0.958993 0.903559 
1611 0.942106 0.959121 0.903594 
1613 0.942015 0.959239 0.903618 
1615 0.941922 0.959347 0.90363 
1617 0.941827 0.959466 0.903651 
1619 0.941731 0.959584 0.90367 
1621 0.941633 0.959702 0.903687 
1623 0.941533 0.95981 0.903693 
1625 0.941432 0.959928 0.903707 
1627 0.941329 0.960047 0.90372 
1629 0.941224 0.960165 0.90373 
1631 0.941117 0.960283 0.903739 
1633 0.941009 0.960391 0.903737 
1635 0.940899 0.960509 0.903742 
1637 0.940787 0.960618 0.903737 
1639 0.940674 0.960736 0.903739 
1641 0.940559 0.960844 0.90373 
1643 0.940442 0.960952 0.90372 
1645 0.940323 0.961061 0.903708 
1647 0.940202 0.961169 0.903693 
1649 0.94008 0.961278 0.903678 
1651 0.939956 0.961386 0.903661 
1653 0.93983 0.961504 0.90365 
1655 0.939702 0.961613 0.90363 
1657 0.939573 0.961721 0.903607 
1659 0.939442 0.961829 0.903583 
1661 0.934527 0.961938 0.898957 
1663 0.914474 0.962046 0.879766 
1665 0.914415 0.962145 0.8798 
1667 0.914353 0.962253 0.879839 
1669 0.914289 0.962361 0.879876 
1671 0.914223 0.96247 0.879912 
1673 0.914155 0.962578 0.879946 
1675 0.914085 0.962667 0.879959 
1677 0.914012 0.962775 0.879988 
1679 0.913938 0.962884 0.880016 
1681 0.913861 0.962992 0.880041 
1683 0.913782 0.963081 0.880046 
1685 0.913701 0.963189 0.880067 
1687 0.913617 0.963298 0.880085 
1689 0.913532 0.963387 0.880085 
1691 0.913444 0.963495 0.880099 
1693 0.913354 0.963594 0.880102 
1695 0.913262 0.963692 0.880103 
1697 0.913168 0.963801 0.880112 
1699 0.913071 0.963899 0.880108 
1701 0.912973 0.963988 0.880095 
1703 0.912872 0.964097 0.880097 
1705 0.912769 0.964195 0.880087 
1707 0.912663 0.964294 0.880075 
1709 0.912556 0.964392 0.880062 
1711 0.912446 0.964481 0.880037 
1713 0.912334 0.96458 0.880019 
1715 0.91222 0.964679 0.879999 
1717 0.912103 0.964777 0.879976 
1719 0.911985 0.964876 0.879952 
1721 0.911864 0.964965 0.879917 
1723 0.91174 0.965063 0.879887 
1725 0.911615 0.965162 0.879856 
1727 0.911487 0.965261 0.879823 
1729 0.911355 0.965349 0.879776 
1731 0.911218 0.965448 0.879734 
1733 0.911077 0.965547 0.879688 
1735 0.910933 0.965645 0.879638 
1737 0.910788 0.965734 0.879579 
1739 0.910639 0.965833 0.879525 
1741 0.910488 0.965922 0.87946 
1743 0.910335 0.96602 0.879402 
1745 0.91018 0.966109 0.879333 
1747 0.910022 0.966208 0.879271 
1749 0.909862 0.966297 0.879197 
1751 0.909699 0.966395 0.879129 
1753 0.909534 0.966484 0.87905 
1755 0.909366 0.966573 0.878969 
1757 0.909195 0.966672 0.878893 
1759 0.909022 0.966761 0.878807 
1761 0.908845 0.966859 0.878725 
1763 0.908667 0.966948 0.878634 
1765 0.908485 0.967047 0.878548 
1767 0.908302 0.967136 0.878452 
1769 0.908115 0.967215 0.878343 
1771 0.907927 0.967314 0.87825 
1773 0.907736 0.967403 0.878147 
1775 0.907542 0.967492 0.87804 
1777 0.907346 0.96758 0.87793 
1779 0.907147 0.967669 0.877818 
1781 0.906946 0.967758 0.877704 
1783 0.906743 0.967847 0.877588 
1785 0.906536 0.967936 0.877469 
1787 0.906327 0.968025 0.877347 
1789 0.906114 0.968114 0.877222 
1791 0.905899 0.968203 0.877094 
1793 0.905681 0.968282 0.876955 
1795 0.905461 0.968371 0.876822 
1797 0.905239 0.968459 0.876687 
1799 0.905014 0.968548 0.876549 
1801 0.904786 0.968627 0.8764 
1803 0.904556 0.968716 0.876258 
1805 0.904323 0.968805 0.876113 
1807 0.904088 0.968894 0.875965 
1809 0.90385 0.968973 0.875806 
1811 0.90361 0.969052 0.875645 
1813 0.903367 0.969141 0.87549 
1815 0.903122 0.96923 0.875333 
1817 0.902874 0.969309 0.875164 
1819 0.902623 0.969388 0.874992 
1821 0.902371 0.969477 0.874828 
1823 0.902115 0.969556 0.874651 
1825 0.901857 0.969635 0.874472 
1827 0.901597 0.969724 0.8743 
1829 0.901334 0.969803 0.874116 
1831 0.901069 0.969882 0.873931 
1833 0.900801 0.969962 0.873743 
1835 0.90053 0.970041 0.873551 
1837 0.900257 0.97012 0.873357 
1839 0.930775 0.970199 0.903037 
1841 0.932155 0.970278 0.90445 
1843 0.932231 0.970357 0.904597 
1845 0.932306 0.970436 0.904743 
1847 0.932381 0.970515 0.90489 
1849 0.932456 0.970604 0.905046 
1851 0.932531 0.970683 0.905192 
1853 0.932605 0.970762 0.905338 
1855 0.932679 0.970841 0.905483 
1857 0.932753 0.970921 0.905629 
1859 0.932826 0.97099 0.905765 
1861 0.932899 0.971069 0.905909 
1863 0.932972 0.971148 0.906054 
1865 0.933045 0.971227 0.906199 
1867 0.933117 0.971296 0.906333 
1869 0.933189 0.971375 0.906476 
1871 0.933261 0.971445 0.906612 
1873 0.933333 0.971514 0.906746 
1875 0.933404 0.971593 0.906889 
1877 0.933475 0.971672 0.907032 
1879 0.933546 0.971742 0.907166 
1881 0.933616 0.971821 0.907308 
1883 0.933687 0.97189 0.907441 
1885 0.933757 0.971969 0.907583 
1887 0.933827 0.972038 0.907715 
1889 0.933896 0.972117 0.907856 
1891 0.933966 0.972187 0.90799 
1893 0.934035 0.972266 0.90813 
1895 0.934103 0.972325 0.908252 
1897 0.934172 0.972395 0.908384 
1899 0.93424 0.972474 0.908524 
1901 0.934308 0.972543 0.908655 
1903 0.934376 0.972612 0.908785 
1905 0.934444 0.972691 0.908925 
1907 0.934511 0.972761 0.909056 
1909 0.934578 0.97282 0.909176 
1911 0.934645 0.972899 0.909315 
1913 0.934712 0.972969 0.909446 
1915 0.934778 0.973038 0.909575 
1917 0.934844 0.973107 0.909703 
1919 0.93491 0.973176 0.909832 
1921 0.934976 0.973246 0.909962 
1923 0.935041 0.973315 0.910089 
1925 0.935107 0.973384 0.910218 
1927 0.935172 0.973444 0.910338 
1929 0.935236 0.973513 0.910464 
1931 0.935301 0.973582 0.910592 
1933 0.935365 0.973651 0.910719 
1935 0.935429 0.973711 0.910837 
1937 0.935493 0.97378 0.910964 
1939 0.935557 0.97385 0.911092 
1941 0.93562 0.973919 0.911218 
1943 0.935683 0.973978 0.911335 
1945 0.935746 0.974048 0.911462 
1947 0.935809 0.974117 0.911587 
1949 0.935872 0.974176 0.911704 
1951 0.935934 0.974246 0.91183 
1953 0.935996 0.974315 0.911955 
1955 0.936058 0.974384 0.91208 
1957 0.93612 0.974444 0.912196 
1959 0.936181 0.974513 0.912321 
1961 0.936242 0.974572 0.912435 
1963 0.936303 0.974632 0.912551 
1965 0.936364 0.974701 0.912675 
1967 0.936425 0.974761 0.912791 
1969 0.936485 0.97482 0.912904 
1971 0.936545 0.974889 0.913027 
1973 0.936605 0.974949 0.913142 
1975 0.936665 0.975018 0.913265 
1977 0.936725 0.975077 0.913379 
1979 0.936784 0.975137 0.913493 
1981 0.936843 0.975206 0.913615 
1983 0.936902 0.975256 0.913719 
1985 0.936961 0.975325 0.913841 
1987 0.93702 0.975385 0.913955 
1989 0.937078 0.975444 0.914067 
1991 0.937136 0.975513 0.914188 
1993 0.937194 0.975563 0.914292 
1995 0.937251 0.975632 0.914412 
1997 0.937309 0.975682 0.914516 
1999 0.937366 0.975751 0.914636 
2001 0.937423 0.975801 0.914738 
2003 0.937479 0.97586 0.914848 
2005 0.937536 0.97592 0.91496 
2007 0.937592 0.975979 0.91507 
2009 0.937648 0.976039 0.915181 
2011 0.937704 0.976098 0.915291 
2013 0.93776 0.976148 0.915393 
2015 0.937815 0.976217 0.915511 
2017 0.93787 0.976267 0.915612 
2019 0.937926 0.976326 0.915722 
2021 0.93798 0.976375 0.91582 
2023 0.938035 0.976445 0.91594 
2025 0.93809 0.976494 0.916039 
2027 0.938145 0.976554 0.916149 
2029 0.938199 0.976613 0.916257 
2031 0.938254 0.976673 0.916367 
2033 0.938308 0.976722 0.916466 
2035 0.938362 0.976792 0.916584 
2037 0.938416 0.976841 0.916683 
2039 0.938469 0.976901 0.916791 
2041 0.938523 0.97696 0.916899 
2043 0.938576 0.97702 0.917008 
2045 0.938629 0.977069 0.917105 
2047 0.938682 0.977129 0.917213 
2049 0.938735 0.977188 0.917321 
2051 0.938788 0.977238 0.917419 
2053 0.93884 0.977297 0.917525 
2055 0.938892 0.977347 0.917623 
2057 0.938944 0.977406 0.917729 
2059 0.938996 0.977466 0.917837 
2061 0.939048 0.977525 0.917943 
2063 0.939099 0.977575 0.91804 
2065 0.939151 0.977624 0.918137 
2067 0.939202 0.977684 0.918243 
2069 0.939253 0.977734 0.91834 
2071 0.939304 0.977803 0.918454 
2073 0.939355 0.977852 0.91855 
2075 0.939406 0.977902 0.918647 
2077 0.939456 0.977962 0.918752 
2079 0.939506 0.978011 0.918847 
2081 0.939556 0.978071 0.918952 
2083 0.939606 0.97812 0.919047 
2085 0.939656 0.97817 0.919143 
2087 0.939706 0.978229 0.919248 
2089 0.939755 0.978279 0.919343 
2091 0.939805 0.978329 0.919438 
2093 0.939854 0.978388 0.919542 
2095 0.939903 0.978438 0.919637 
2097 0.939952 0.978487 0.919731 
2099 0.94 0.978547 0.919834 
2101 0.940049 0.978596 0.919928 
2103 0.940097 0.978636 0.920013 
